40161618 31.2934 121.482 8879
40161629 31.2932 121.481 8879
40161639 31.293 121.48 8880
40161649 31.2927 121.478 119309
40161659 31.2925 121.477 119309
40161661 31.2924 121.477 119309
40161668 31.2923 121.477 119310
40161671 31.2922 121.477 119310
40161681 31.2923 121.477 6986
40161686 31.2924 121.477 6986
40161687 31.2924 121.477 6986
40161695 31.2929 121.476 6986
40161705 31.2936 121.477 6986
40161713 31.2941 121.477 6986
40161723 31.2948 121.477 6986
40161729 31.2952 121.477 6986
40161730 31.2953 121.477 6986
40161731 31.2953 121.477 6986
40161733 31.2954 121.477 6986
40161737 31.2957 121.477 6986
40161739 31.2959 121.477 6986
40161741 31.296 121.477 6986
40161744 31.2961 121.477 6986
40161754 31.2965 121.477 6986
40161764 31.2965 121.477 6986
40161769 31.2967 121.476 6986
40161772 31.2967 121.476 5622
40161774 31.2968 121.476 5622
40161784 31.2966 121.475 61593
40161794 31.2965 121.475 61587
40161804 31.2964 121.474 61587
40161814 31.2965 121.473 61589
40161824 31.2965 121.472 61589
40161834 31.2965 121.472 61591
40161844 31.2965 121.471 61591
40161854 31.2965 121.47 61591
40161864 31.2965 121.469 61591
40161874 31.2965 121.469 61591
40161884 31.2965 121.468 61591
40161894 31.2965 121.468 61591
40161904 31.2965 121.467 61591
40161914 31.2965 121.467 61591
40161924 31.2965 121.467 61591
40161934 31.2965 121.467 61591
40161944 31.2965 121.467 61591
40161954 31.2966 121.467 61591
40161958 31.2967 121.467 17925
40161959 31.2968 121.467 17925
40161960 31.2968 121.467 17925
40161962 31.2969 121.467 17925
40161966 31.2971 121.467 17925
40161967 31.2972 121.467 17925
40161971 31.2975 121.467 17924
40161973 31.2976 121.467 17924
40161979 31.298 121.466 17924
40161989 31.2987 121.467 17947
40161999 31.2991 121.467 17947
40162009 31.2991 121.467 17946
40162012 31.2991 121.468 17946
40162016 31.299 121.468 17946
40162446 31.299 121.469 17946
-1
40154667 31.2314 121.485 17524
40154687 31.2311 121.484 17524
40154697 31.2311 121.484 17524
40154707 31.2311 121.484 17524
40154717 31.2311 121.484 17524
40154727 31.2311 121.484 17524
40154737 31.2311 121.484 17524
40154747 31.2311 121.484 17524
40154757 31.2312 121.483 17525
40154767 31.2313 121.483 1275
40154772 31.2314 121.483 1275
40154782 31.2316 121.483 1275
40154792 31.2322 121.482 1276
40154802 31.233 121.482 9376
40154812 31.2342 121.482 9377
40154822 31.2345 121.482 9377
40154832 31.2345 121.482 9377
40154842 31.2345 121.482 9377
40154852 31.2345 121.482 9377
40154862 31.2349 121.482 9378
40154872 31.2359 121.482 9379
40154882 31.237 121.481 9380
40154891 31.238 121.481 9381
40154892 31.2381 121.481 9381
40154900 31.2387 121.481 9382
40154901 31.2387 121.481 9382
40154911 31.2388 121.48 9382
40154921 31.2388 121.48 9382
40154931 31.2388 121.48 9382
40154941 31.2388 121.48 9382
40154951 31.2388 121.48 9382
40154961 31.2388 121.48 9382
40154967 31.2389 121.48 9382
40154969 31.239 121.48 9382
40154979 31.2392 121.481 9382
40154989 31.2392 121.481 120554
40154999 31.2389 121.482 59460
40155006 31.2409 121.48 120564
40155007 31.241 121.48 120559
40155087 31.2415 121.48 120560
-2
